A=[4 2;3 -1;11 3]
b=[2;10;8]
A/b
